500
ば
ら
む
て
ぺ
せ
げ
ゕ
づ
ひ
づ
き
よ
づ
が
ぶ
ら
て
ょ
す
そ
そ
ぼ
ぼ
ぐ
き
ぉ
ふ
そ
ゑ
た
づ
ど
の
ゆ
ゆ
む
え
い
わ
あ
ぇ
ね
げ
の
ん
あ
み
に
ば
あ
ぢ
ゅ
ぃ
い
と
ぷ
ふ
ゖ
ぃ
づ
ん
ね
し
さとし
っ
ん
ぞ
ゕ
け
と
ぁ
め
う
え
き
さ
れ
き
ほ
ふ
お
が
を
は
ょ
ゎ
私
び
う
ふ
わ
き
み
え
よ
ば
か
ゃ
ゕ
ゎ
れ
で
ぼ
ろ
む
ゖ
を
め
げ
で
ほ
さ
ほ
ゐ
っ
い
ふ
お
ぜ
ゕ
ひ
ぱ
が
ぁ
き
と
ぼ
ざ
あ
ぬ
っ
ご
ぢ
ぐ
ぴ
ぐ
ぬ
ぁ
め
と
め
お
ぴ
り
ゃ
ゔ
ぅ
ろ
ぽ
ろ
ぶ
き
な
ま
ぺ
ぺ
ぴ
ゔ
や
は
ず
ば
ぃ
ょ
お
び
ぉ
へ
ぼ
か
ゕ
が
も
ぶ
い
も
ぅ
ふ
と
ら
よ
ぢ
ぢ
ゖ
ん
ぼ
だ
ろ
ま
か
ま
ぶ
た
ぁ
あ
づ
と
ど
せ
ぁ
ぃ
ざ
だ
ゅ
り
を
お
な
か
ひ
ひ
は
え
こ
づ
を
か
わ
ど
な
ぎ
ゔ
た
ゑ
や
ゆ
ゕ
そ
ぉ
こ
ま
ぬ
ぁ
せ
る
ぎ
ぁ
ゐ
づ
か
だ
に
ご
あ
も
は
へ
ぜ
づ
ゔ
ご
ゑ
わ
ぺ
せ
わ
ゅ
ふ
も
ば
ぞ
ど
び
ろ
ぢ
り
ぉ
お
ゖ
つ
め
を
は
け
ょ
ぉ
ち
び
そ
そ
せ
す
ぴ
ち
び
あ
て
で
べ
ぢ
ぉ
げ
ぎ
ぃ
ゖ
ぺ
ぴ
ゎ
さ
ぉ
づ
ご
ぅ
ぃ
ろ
ば
す
ぴ
き
ほ
ぅ
ぶ
ほ
ば
え
び
め
こ
り
わ
た
ぢ
で
ぶ
ぷ
ぴ
ぎ
う
ぺ
ゅ
わ
へ
り
っ
ぉ
だ
い
っ
ゔ
と
ぢ
ら
い
ほ
め
ぼ
ぉ
れ
れ
お
ぺ
づ
う
じ
の
だ
ぬ
ゕ
う
ご
ほ
ぅ
ね
と
が
ぁ
で
ん
ぜ
が
ぬ
こ
で
ぶ
も
か
ち
だ
ね
ぼ
ま
ぃ
か
づ
で
ぺ
ど
も
ょ
ぎ
う
ぷ
さ
さ
し
ゖ
は
づ
ざ
年
ゅ
ゎ
ゖ
ぬ
ゑ
め
ぽ
ゃ
た
あ
か
ぽ
い
ぽ
け
ぼ
こ
ゔ
ろ
ふ
は
み
周
ゐ
ば
つ
ほ
ゐ
ぎ
よ
ゐ
む
や
り
り
ぜ
か
ゔ
ぁ
べ
ち
ゆ
ぐ
ょ
だ
が
す
ゆ
れ
や
て
ひ
ぱ
20
づ
さ
ゃ
ぬ
さ
む
よ
の
ば
ち
れ
ぉ
お
て
ら
ひ
か
ぬ
そ
で
る
ぃ
ゆ
や
ね
よ
そ
わ
ゕ
こ
る
ほ
び
ん
う
お
ゐ
き
つ
ぞ
け
ね
お
ゐ
ま
800
320 253
488 312
67 370
287 444
78 299
82 281
23 267
250 451
195 247
222 195
366 85
210 17
447 392
7 231
45 477
240 455
212 207
288 62
398 23
35 161
461 411
234 266
176 428
366 358
406 182
428 496
157 89
88 202
136 9
161 152
89 348
491 70
10 448
137 414
344 343
153 395
176 466
272 196
219 185
339 459
30 154
340 88
49 416
357 440
308 42
208 396
254 309
427 280
75 449
195 25
489 247
381 28
1 123
322 217
421 48
41 245
268 303
200 49
366 95
209 51
174 145
481 264
479 94
29 489
451 360
470 70
301 299
251 420
227 256
381 336
59 416
239 355
454 423
171 341
152 212
71 389
384 451
177 341
361 24
365 126
456 132
189 378
29 296
265 169
89 28
335 408
128 333
119 373
26 174
488 287
328 301
34 276
241 115
248 129
499 200
215 405
358 205
132 215
278 43
277 159
41 162
387 178
19 490
314 315
408 160
238 327
62 491
45 109
456 50
12 189
415 217
378 254
264 181
383 355
318 465
83 155
308 33
415 99
105 417
287 256
38 164
181 484
452 144
149 378
497 45
380 336
495 32
459 280
109 330
87 454
480 281
410 68
167 334
393 220
460 492
175 414
319 67
224 195
205 221
341 296
89 322
116 293
328 349
32 472
92 297
0 227
323 144
306 249
351 292
414 285
362 361
462 120
461 347
154 34
270 470
187 26
388 253
440 114
166 358
467 257
243 35
215 428
209 282
364 215
450 44
344 182
203 352
397 313
253 222
230 359
60 11
294 172
279 149
463 442
392 25
16 392
408 325
349 439
407 356
25 128
80 5
405 251
49 2
86 405
317 294
232 286
45 341
348 299
72 102
20 29
428 187
45 385
74 387
379 459
381 178
105 79
219 415
447 124
130 71
123 308
475 16
5 290
369 406
410 170
275 217
334 343
264 178
298 65
115 223
164 205
498 84
352 238
11 381
330 100
134 271
401 121
411 492
75 278
151 493
199 195
443 153
496 113
431 240
130 309
61 375
468 280
153 94
62 107
66 82
421 52
272 174
111 213
273 316
414 233
66 93
298 426
313 99
326 112
344 465
302 395
289 26
146 298
50 158
342 77
300 50
462 274
279 251
242 355
188 63
49 31
394 231
261 214
388 409
166 469
439 446
71 346
208 21
339 237
488 178
343 296
209 370
202 177
49 273
274 251
478 10
47 250
403 261
33 177
481 85
343 202
241 462
23 455
225 136
458 142
387 479
60 109
475 59
165 470
107 104
124 485
27 225
30 57
10 298
125 127
213 357
42 383
207 20
195 198
80 183
449 427
407 214
485 211
198 31
201 286
422 313
9 109
337 191
465 297
333 402
104 231
78 190
160 104
14 201
319 470
251 496
328 69
21 148
27 418
338 389
38 479
481 372
385 284
474 316
461 328
381 187
63 478
355 342
476 248
211 407
352 90
121 220
244 141
61 6
61 189
450 307
356 31
259 306
283 41
160 402
400 81
237 122
231 68
229 332
295 177
175 316
284 76
405 38
9 254
240 489
427 75
101 24
23 444
159 362
365 165
330 211
298 247
397 317
458 407
486 177
113 292
12 273
493 60
279 453
302 109
405 275
46 300
26 178
94 414
303 113
256 85
417 490
346 229
479 263
395 122
121 202
274 472
35 336
169 43
77 144
452 250
286 448
484 456
162 317
322 337
294 479
360 380
105 479
197 20
377 296
197 430
32 493
182 28
95 242
464 244
175 241
172 336
405 75
378 317
220 386
480 304
444 417
316 161
295 288
95 495
180 233
96 287
120 25
223 127
5 452
221 179
103 443
442 466
396 127
101 119
186 286
335 171
161 354
350 491
477 36
11 63
318 390
371 330
448 316
221 356
300 374
108 162
3 1
2 438
422 278
338 62
260 497
122 466
251 330
7 260
143 182
380 265
324 206
311 54
100 142
144 467
468 38
378 453
388 180
186 473
239 492
462 373
149 340
62 433
295 396
206 306
0 79
257 349
272 440
373 315
139 393
269 165
61 337
236 76
77 426
149 342
173 290
290 264
82 302
29 4
145 341
488 333
423 400
268 264
343 451
452 300
478 139
93 92
241 19
158 297
489 68
142 236
219 347
345 16
487 476
168 420
354 234
195 19
232 415
473 49
141 481
464 26
453 53
184 419
98 318
388 412
387 435
92 30
445 159
356 130
342 131
295 395
430 265
360 166
456 394
54 3
449 177
40 70
281 471
360 47
314 80
345 432
14 189
175 197
370 404
255 4
22 466
448 20
6 414
496 41
335 460
111 477
296 34
451 186
406 42
479 460
20 385
69 33
149 496
421 319
258 377
249 493
208 480
37 281
397 318
120 281
324 458
365 69
216 221
152 170
61 219
17 41
430 480
490 178
227 414
461 215
462 205
117 331
374 31
371 431
206 313
93 268
419 290
377 75
80 314
135 333
472 410
178 456
376 129
99 315
90 453
268 192
263 129
275 377
319 37
270 246
429 206
209 344
39 245
486 312
224 301
188 116
0 210
402 263
65 347
362 176
346 127
240 483
382 364
364 223
455 178
365 162
462 5
382 212
37 26
425 456
283 416
142 67
323 237
85 384
409 371
469 137
306 184
81 72
131 112
413 490
229 427
381 465
162 485
77 217
129 371
153 344
120 272
130 124
288 160
256 10
178 232
376 250
11 431
362 149
186 199
6 395
494 96
344 84
5 242
44 344
231 371
183 467
375 279
241 141
68 131
415 95
313 151
117 421
240 65
488 433
409 436
8 474
286 155
451 149
360 492
148 486
497 444
193 232
436 474
355 0
188 320
184 271
397 329
135 110
491 384
45 351
142 27
487 363
460 291
332 191
457 316
256 365
336 214
233 164
207 60
439 419
117 205
161 46
162 336
124 192
161 119
172 433
84 179
231 406
287 370
104 92
389 85
483 30
75 198
326 322
63 68
455 337
385 175
425 405
419 283
94 84
375 436
358 467
35 371
382 489
350 418
392 39
8 144
52 389
118 328
54 186
108 24
121 484
116 15
96 408
331 173
280 294
377 191
77 274
178 424
55 73
469 178
268 157
2 78
494 342
171 78
147 273
461 359
300 404
5 82
356 414
397 19
179 164
140 162
375 220
476 276
241 148
388 487
175 483
13 208
371 450
282 386
73 64
369 385
152 363
387 243
294 24
13 292
346 317
100 232
37 310
104 37
325 112
312 478
88 452
306 258
376 344
397 463
475 490
167 298
269 210
107 25
372 113
417 381
105 414
294 316
492 432
252 18
48 138
453 97
151 342
392 69
182 84
433 249
387 302
214 68
318 461
278 119
264 207
273 436
148 348
417 264
468 301
410 191
246 20
218 372
122 409
179 17
434 253
204 194
46 105
182 491
367 479
465 136
241 22
2 402
439 125
404 202
196 364
120 22
206 83
383 53
293 104
461 493
135 287
46 337
357 398
325 478
217 425
162 69
163 382
256 167
300 318
387 250
80 456
435 490
177 23
401 35
321 364
470 463
102 55
80 484
50 282
141 69
42 469
465 305
360 351
67 10
323 140
383 483
373 405
374 153
65 409
46 237
374 318
399 437
350 119
110 182
78 94
285 213
369 452
439 164
144 379
467 303
4 43
